1434
1774
1771
1775
1333
1334
361
365
1331
1332
357
362
1776
2784
914
915
4674
4668
4672
2555
909
912
910
911
2512
2385
4669
4667
4673
4670
4671
1290
2005
903
1289
1288
896
906
898
1305
1306
1309
904
4548
908
1292
1741
2480
1287
1286
1291
905
907
2779
1389
1388
891
900
4549
899
902
894
895
4482
893
897
892
901
4506
1390
1391
2773
4513
440
444
1295
1045
1043
1044
1335
1336
1307
1308
1810
1945
4485
4489
4507
435
1310
1311
1312
1313
1330
923
921
922
1263
1041
5054
5052
2780
1386
1487
2772
2771
4487
439
1300
1302
1301
1303
2770
4508
442
4478
4474
4476
1285
4477
4547
4496
438
2700
4490
4471
4509
4553
4475
434
443
437
1521
4543
1214
1031
1027
1032
1811
1028
930
2775
2778
2777
4650
2776
1520
2741
4646
2742
2743
4654
1517
1777
925
1815
932
934
931
933
1304
1039
1385
4645
2785
4649
4653
4648
2774
4644
4647
4652
1786
1754
1624
1621
4550
4542
4551
360
364
356
1755
1622
1625
1481
1037
928
1040
1036
1042
363
367
358
366
359
2769
1052
2768
4470
4479
2739
436
445
1516
441
1518
2767
4545
1038
4552
1396
4544
1030
2786
4468
3615
4472
4481
1387
2740
4469
2703
4473
1050
101
1524